# Undirected graph (each unordered pair of nodes is saved once): SB-small-network.txt
# Nodes: 1000 Edges: 5169
# NodeId	NodeId
0	68
0	514
0	566
1	27
1	109
1	127
1	312
1	412
1	430
1	462
1	521
1	527
1	574
1	619
1	629
1	661
2	58
2	95
2	96
2	172
2	203
2	264
2	352
2	420
2	473
2	564
2	573
2	574
2	628
2	690
3	99
3	143
3	196
3	315
3	381
3	410
3	497
3	576
3	920
4	32
4	146
4	157
4	161
4	181
4	251
4	288
4	466
4	530
4	546
4	626
4	658
4	660
4	687
4	694
5	8
5	288
5	312
5	350
5	367
5	382
5	476
5	579
6	87
6	154
6	303
6	313
6	365
6	383
6	421
6	439
6	464
7	71
7	138
7	212
7	272
7	346
7	365
7	383
7	489
7	535
7	559
7	626
8	153
8	207
8	214
8	298
8	410
8	411
8	464
8	578
8	675
9	103
9	368
9	392
9	699
10	30
10	53
10	161
10	217
10	274
10	334
10	379
10	382
10	464
10	632
11	141
11	320
11	540
11	573
11	635
12	130
12	138
12	193
12	246
12	335
12	464
12	560
13	102
13	128
13	136
13	187
13	199
13	219
13	222
13	250
13	261
13	294
13	330
13	331
13	421
13	607
13	634
13	681
14	27
14	103
14	193
14	229
14	263
14	348
14	366
14	415
14	667
15	62
15	76
15	87
15	169
15	234
15	336
15	366
15	443
15	450
15	497
15	511
15	554
15	557
15	686
15	693
15	742
16	39
16	86
16	173
16	215
16	253
16	327
16	359
16	515
16	526
17	70
17	127
17	161
17	179
17	236
17	332
17	350
17	427
17	477
17	528
17	531
17	642
17	654
18	21
18	47
18	97
18	136
18	256
18	275
18	282
18	406
18	571
18	595
18	645
19	104
19	234
19	271
19	285
19	348
19	408
19	532
19	590
19	636
20	88
20	90
20	202
20	356
20	475
20	588
21	34
21	94
21	112
21	234
21	244
21	318
21	340
21	341
21	425
21	518
21	549
21	570
21	586
22	77
22	83
22	86
22	100
22	104
22	189
22	233
22	309
22	399
22	405
22	497
22	593
22	605
22	625
23	257
23	324
23	397
23	399
23	410
23	440
23	464
23	545
23	586
24	46
24	81
24	175
24	201
24	501
24	530
24	657
25	74
25	248
25	254
25	339
25	399
25	416
25	449
25	455
25	458
25	519
25	522
25	622
25	688
26	169
26	175
26	273
26	402
26	431
26	435
26	539
26	605
27	97
27	114
27	259
27	274
27	278
27	374
27	460
27	484
27	551
27	555
27	602
27	658
27	677
27	989
28	65
28	105
28	129
28	132
28	155
28	157
28	178
28	207
28	312
28	395
28	539
29	71
29	107
29	198
29	263
29	319
29	324
29	342
29	350
29	376
29	395
29	426
29	459
29	562
29	574
29	658
30	62
30	162
30	173
30	446
30	455
30	501
30	505
30	627
30	694
31	41
31	305
31	483
31	614
31	625
32	78
32	89
32	539
32	647
33	187
33	347
33	360
33	431
33	449
33	460
33	573
34	143
34	159
34	194
34	337
34	477
34	481
34	520
34	573
34	592
34	672
35	223
35	224
35	231
35	361
35	383
35	490
35	543
35	595
35	660
36	243
36	485
36	522
36	539
36	571
36	599
36	641
37	153
37	203
37	210
37	314
37	332
37	434
37	450
37	461
37	581
37	587
37	612
38	65
38	110
38	165
38	178
38	225
38	314
38	381
38	428
38	431
38	447
38	482
38	519
38	547
38	611
38	648
38	674
39	120
39	265
39	331
39	362
39	466
39	484
39	610
39	612
39	678
40	83
40	146
40	291
40	366
40	473
40	518
40	635
41	60
41	222
41	240
41	278
41	305
41	379
41	451
41	459
41	572
41	586
42	106
42	271
42	294
42	349
42	356
42	470
42	556
42	628
42	659
42	720
43	135
43	189
43	206
43	238
43	324
43	416
43	465
43	621
44	166
44	283
44	301
44	335
44	351
44	367
44	446
44	469
44	519
44	831
45	49
45	51
45	115
45	193
45	231
45	321
45	376
45	507
45	534
45	540
45	559
45	657
46	152
46	257
46	437
46	454
46	500
46	602
46	620
46	964
47	87
47	124
47	126
47	136
47	183
47	233
47	251
47	303
47	312
47	389
47	431
47	493
47	507
47	621
47	799
48	69
48	102
48	187
48	261
48	375
48	419
48	422
48	612
48	632
49	60
49	129
49	501
49	506
49	568
49	571
49	636
49	678
50	292
50	346
50	383
50	396
50	471
50	483
50	487
50	538
50	588
50	593
50	609
51	105
51	190
51	239
51	249
51	287
51	322
51	324
51	330
51	416
51	442
51	454
51	476
51	550
51	578
51	626
51	682
52	65
52	122
52	160
52	326
52	341
52	388
52	570
52	620
52	625
52	644
53	91
53	161
53	379
53	409
53	501
53	545
53	569
53	623
53	686
54	59
54	186
54	228
54	238
54	248
54	254
54	264
54	305
54	550
54	577
54	604
54	615
54	698
55	262
55	263
55	328
55	407
55	424
55	468
55	691
56	89
56	102
56	141
56	158
56	230
56	284
56	335
56	355
56	417
56	489
56	498
56	542
56	589
56	622
56	629
56	632
56	642
56	684
56	692
57	121
57	191
57	231
57	232
57	287
57	318
57	342
57	355
57	414
57	535
57	545
57	650
58	97
58	140
58	141
58	319
58	334
58	369
58	447
58	478
58	596
58	678
59	63
59	75
59	156
59	177
59	221
59	239
59	601
59	612
59	632
60	387
60	458
60	554
60	565
60	578
60	586
60	646
60	688
61	64
61	117
61	181
61	228
61	277
61	364
61	420
61	432
61	459
61	508
61	601
61	617
61	624
61	658
62	106
62	126
62	191
62	297
62	340
62	373
62	385
62	428
62	488
62	535
62	541
62	593
62	663
62	677
62	687
63	179
63	259
63	305
63	470
64	291
64	306
64	451
64	470
64	503
64	520
64	566
64	607
64	670
65	102
65	295
65	329
65	341
65	416
65	456
65	586
65	666
66	216
66	279
66	321
66	499
66	573
66	890
67	91
67	103
67	236
67	322
67	373
67	465
67	480
67	494
67	497
67	505
67	522
67	668
67	677
67	690
68	180
68	207
68	319
68	372
68	605
68	618
68	679
68	693
68	695
69	145
69	148
69	171
69	358
69	442
69	516
69	559
70	219
70	238
70	317
70	433
70	463
70	535
70	668
71	181
71	269
71	606
71	664
72	207
72	521
72	575
72	649
72	688
72	694
73	339
73	371
73	433
73	489
73	608
73	610
73	692
74	135
74	327
74	462
74	517
74	558
75	159
75	260
75	267
75	288
75	326
75	353
75	363
75	414
75	416
75	673
76	144
76	159
76	220
76	289
76	331
76	358
76	445
76	451
76	510
76	546
76	560
76	630
77	156
77	170
77	221
77	295
77	304
77	306
77	382
77	440
77	506
77	569
77	626
77	666
77	688
78	145
78	150
78	223
78	366
78	433
78	442
78	540
78	606
79	346
79	377
79	444
79	455
79	578
79	623
79	690
80	189
80	200
80	374
80	405
80	440
80	498
80	554
80	621
81	145
81	267
81	300
81	482
81	566
81	640
82	93
82	152
82	173
82	227
82	319
82	416
82	574
83	107
83	203
83	288
83	307
83	334
83	360
83	390
83	435
83	441
83	561
83	603
83	653
84	86
84	229
84	247
84	275
84	313
84	380
84	520
85	136
85	244
85	464
85	470
85	596
85	641
85	671
86	123
86	124
86	161
86	166
86	336
86	458
86	519
86	599
86	665
86	682
86	690
87	142
87	162
87	187
87	404
87	484
87	519
87	553
87	629
87	652
87	696
88	181
88	184
88	221
88	296
88	313
88	400
88	443
88	527
88	570
88	613
88	690
89	107
89	123
89	276
89	297
89	335
89	505
89	654
89	655
90	117
90	173
90	432
90	455
90	478
90	492
90	659
91	108
91	145
91	298
91	303
91	337
91	382
91	448
91	514
91	567
91	623
91	917
92	102
92	104
92	158
92	198
92	247
92	261
92	281
92	364
92	407
92	431
92	600
92	632
93	137
93	225
93	241
93	283
93	326
93	395
93	512
93	526
93	629
94	96
94	106
94	135
94	150
94	160
94	257
94	304
94	359
94	471
94	538
94	555
94	596
95	179
95	185
95	250
95	259
95	304
95	357
95	387
95	395
95	527
95	620
96	97
96	602
96	604
97	99
97	155
97	163
97	181
97	312
97	327
97	401
97	548
97	689
98	104
98	164
98	167
98	316
98	460
98	535
98	603
98	647
99	167
99	202
99	254
99	273
99	303
99	311
99	368
99	380
99	401
99	462
99	504
99	514
99	519
99	526
99	606
99	655
99	693
100	124
100	214
100	313
100	317
100	341
100	378
100	393
100	453
100	482
100	635
100	691
100	696
101	138
101	238
101	383
101	440
101	488
101	540
101	998
102	120
102	165
102	235
102	292
102	571
102	598
102	668
103	152
103	176
103	330
103	652
104	175
104	229
104	295
104	318
104	378
104	400
104	514
105	310
105	392
105	497
105	553
105	632
105	650
105	692
106	209
106	279
106	353
106	368
106	403
106	414
107	132
107	168
107	356
107	366
107	448
107	577
107	606
107	671
108	118
108	317
108	398
108	457
108	490
108	561
108	643
108	661
108	669
108	915
109	149
109	337
109	518
109	543
109	551
110	176
110	219
110	282
110	313
110	335
110	452
110	505
110	519
110	525
110	552
110	798
110	899
110	963
111	139
111	172
111	250
111	387
111	461
111	499
111	539
111	566
111	603
111	605
111	633
111	686
112	211
112	237
112	490
112	532
112	582
112	610
112	658
112	668
113	118
113	231
113	232
113	313
113	400
113	534
114	129
114	138
114	231
114	249
114	318
114	346
114	511
114	646
115	199
115	250
115	409
115	590
116	199
116	214
116	225
116	329
116	396
116	407
116	593
117	322
117	475
117	586
117	595
118	264
118	335
118	451
118	510
118	522
118	561
118	582
118	653
119	252
119	271
119	309
119	375
119	452
119	519
119	564
119	617
119	699
120	284
120	343
120	486
120	535
120	539
120	543
120	639
120	697
121	196
121	274
121	357
121	407
121	638
121	661
122	140
122	237
122	305
122	321
122	402
122	430
122	527
122	554
122	582
122	682
123	148
123	206
123	407
123	416
123	456
123	516
123	633
124	213
124	257
124	350
124	363
124	443
124	520
124	538
124	587
124	633
124	720
125	254
125	277
125	341
125	366
125	461
125	683
126	223
126	283
126	324
126	351
126	383
126	391
126	392
126	435
126	463
126	469
126	513
126	634
126	669
126	673
127	144
127	174
127	260
127	296
127	340
127	408
127	412
127	471
127	662
128	129
128	161
128	163
128	254
128	257
128	337
128	506
128	531
128	602
129	268
129	308
129	320
129	411
129	571
129	613
129	675
129	690
130	195
130	233
130	246
130	537
130	541
130	770
131	312
131	346
131	544
131	552
131	796
132	138
132	201
132	361
132	416
132	512
132	604
132	656
133	140
133	181
133	244
133	283
133	535
134	193
134	287
134	497
134	649
135	300
135	347
135	445
135	474
135	548
135	550
135	653
136	183
136	284
136	389
136	399
136	491
136	573
136	592
136	600
136	621
137	272
137	517
137	525
137	590
137	650
138	161
138	268
138	301
138	326
138	414
138	533
138	566
139	314
139	323
139	329
139	390
139	452
139	590
140	149
140	184
140	356
140	441
140	581
140	658
141	243
141	250
141	297
141	358
141	364
141	373
141	445
141	596
141	663
142	151
142	168
142	325
142	327
142	402
142	542
142	544
142	613
142	630
142	671
142	685
143	209
143	223
143	228
143	266
143	293
143	370
143	382
143	410
143	411
143	451
143	516
143	564
143	635
144	198
144	254
144	457
144	462
144	594
144	603
144	612
144	624
144	640
144	645
145	190
145	269
145	284
145	296
145	506
145	572
146	166
146	179
146	347
146	413
146	438
147	186
147	255
147	394
147	482
147	621
147	819
147	839
148	348
148	389
148	537
148	561
149	159
149	272
149	298
149	317
149	326
149	484
149	522
150	159
150	382
150	540
150	620
150	657
150	666
151	235
151	259
151	283
151	474
151	510
151	535
151	589
152	163
152	191
152	321
152	538
152	567
152	603
152	625
153	205
153	251
153	464
153	558
153	563
153	580
154	218
154	295
154	310
154	499
154	580
154	594
154	651
154	685
154	690
155	239
155	318
155	538
155	806
156	528
156	571
156	652
157	231
157	259
157	326
157	349
157	485
157	543
157	615
157	681
157	981
158	334
158	362
158	451
158	582
158	622
158	696
159	175
159	180
160	347
160	405
160	503
160	532
160	676
161	229
161	271
161	440
161	481
161	484
161	522
161	576
161	586
161	605
161	640
162	251
162	282
162	373
162	438
162	512
162	567
162	609
163	181
163	245
163	259
163	267
163	393
163	461
163	554
164	186
164	242
164	280
164	309
164	337
164	380
164	387
164	425
164	442
165	192
165	288
165	297
165	310
165	396
165	518
165	621
166	222
166	227
166	400
166	539
166	590
166	612
166	666
167	202
167	369
167	444
168	224
168	516
168	544
168	573
168	633
168	665
169	256
169	261
169	303
169	308
169	325
169	394
169	595
170	313
170	417
170	424
170	457
170	475
170	545
170	556
170	584
170	607
171	189
171	260
171	281
171	338
171	416
171	455
171	524
171	529
172	190
172	210
172	236
172	420
172	521
172	566
172	575
172	682
172	690
173	376
173	391
173	416
173	544
173	546
174	212
174	245
174	265
174	266
174	311
174	384
174	389
174	391
174	402
174	502
174	549
174	589
174	691
175	182
175	322
175	387
175	395
175	405
175	464
175	481
175	605
175	666
175	691
176	226
176	242
176	297
176	332
176	343
176	392
176	454
176	501
176	519
176	598
176	601
177	180
177	205
177	251
177	265
177	482
177	524
177	678
178	307
178	560
178	565
178	589
178	607
179	272
179	342
179	353
179	418
179	431
179	445
179	478
179	494
179	530
179	566
179	648
179	676
180	194
180	322
180	529
180	602
180	652
180	692
181	189
181	222
181	258
181	309
181	445
181	522
181	561
181	578
181	640
181	650
182	210
182	254
182	262
182	282
182	288
182	314
182	322
182	326
182	467
182	504
182	560
183	196
183	324
183	394
183	620
183	626
184	245
184	333
184	334
184	393
184	409
184	569
184	631
184	660
185	224
185	313
185	376
185	397
185	501
185	619
186	250
186	298
186	384
186	389
186	518
186	562
186	570
186	584
186	593
186	643
186	668
186	690
187	266
187	289
187	555
187	611
187	642
188	217
188	354
188	383
188	433
188	454
188	553
188	586
189	309
189	467
189	518
189	597
190	277
190	281
190	370
190	426
190	492
190	523
190	561
190	627
190	634
191	209
191	215
191	330
191	371
191	505
191	540
191	665
192	206
192	246
192	371
192	465
192	474
192	512
192	637
192	647
193	236
193	290
193	342
193	392
193	395
193	480
193	511
193	524
193	544
193	582
193	600
193	830
194	229
194	299
194	345
194	477
194	514
194	619
195	216
195	283
195	293
195	426
195	427
195	614
195	618
195	999
196	208
196	258
196	345
196	368
196	449
196	480
196	499
196	541
196	556
196	631
196	660
196	694
197	292
197	302
197	315
197	322
197	331
197	446
197	517
197	518
197	580
197	616
197	630
197	663
197	669
197	908
198	221
198	236
198	239
198	252
198	382
198	395
198	410
198	458
198	505
199	220
199	292
199	303
199	309
199	350
199	381
199	431
199	475
199	552
199	563
199	610
200	202
200	245
200	256
200	450
200	477
200	557
200	563
200	601
200	685
200	691
201	316
201	393
201	426
201	454
201	457
201	592
201	606
201	671
201	699
202	209
202	434
202	457
202	461
202	479
202	490
202	518
202	519
202	531
202	638
203	299
203	362
203	377
203	471
203	474
203	563
203	663
203	677
204	211
204	260
204	332
204	344
204	427
204	440
204	479
204	541
205	322
205	430
205	477
206	207
206	293
206	455
206	536
206	597
206	608
207	283
207	292
207	498
207	554
207	560
207	596
208	281
208	438
208	493
208	578
209	295
209	404
209	414
209	492
209	510
209	513
209	544
209	670
209	675
209	750
210	326
210	445
210	592
210	634
210	677
210	685
211	235
211	317
211	358
211	361
211	389
211	524
211	560
211	602
212	267
212	297
212	302
212	336
212	375
212	428
212	465
212	619
213	263
213	285
213	330
213	437
213	528
213	553
213	650
213	677
214	273
214	297
214	358
214	376
214	468
214	523
214	596
214	677
214	682
215	220
215	244
215	247
215	305
215	383
215	417
215	447
215	479
215	660
215	671
215	690
216	238
216	256
216	347
216	475
216	514
216	549
216	590
216	639
216	642
216	662
216	694
217	393
217	413
217	435
217	436
217	462
217	601
217	683
218	299
218	375
218	505
218	564
218	565
219	233
219	281
219	347
219	380
219	522
219	625
219	638
220	285
220	381
220	457
220	565
220	678
220	718
221	242
221	271
221	297
221	494
221	626
222	225
222	247
222	406
222	454
222	509
222	583
222	595
223	265
223	346
223	354
223	570
223	587
223	615
223	673
224	305
224	528
224	547
224	642
225	291
225	305
225	369
225	527
225	585
226	299
226	307
226	329
226	586
226	644
226	668
226	682
227	311
227	509
227	562
227	607
227	615
228	331
228	426
228	427
228	526
228	572
228	591
228	632
228	899
228	984
229	262
229	267
229	291
229	414
229	500
229	560
229	679
229	680
230	323
230	410
230	423
230	427
230	519
230	523
230	605
230	649
231	270
231	302
231	341
231	369
231	457
231	520
231	543
231	623
232	247
232	298
232	320
232	557
232	561
233	294
233	331
233	332
233	435
233	572
233	579
234	235
234	307
234	341
234	342
234	380
234	621
234	636
235	254
235	334
235	418
235	503
235	794
236	348
236	363
236	497
236	588
236	616
236	625
237	361
237	468
237	481
237	495
237	506
238	249
238	273
238	310
238	463
238	526
238	543
238	546
238	594
238	601
238	617
238	879
239	249
239	334
239	430
240	386
240	425
240	432
240	513
240	531
240	543
240	599
241	337
241	574
241	634
242	331
242	368
242	508
242	567
242	648
242	668
242	699
243	247
243	284
243	288
243	309
243	389
243	435
243	453
243	497
243	498
243	649
244	246
244	297
244	383
244	384
244	401
244	661
245	282
245	298
245	301
245	341
245	365
245	389
245	443
245	505
245	537
245	647
245	669
246	329
246	359
246	491
246	569
246	576
247	392
247	475
247	590
247	594
247	614
247	624
247	662
248	305
248	354
248	409
248	485
248	511
248	567
248	684
249	337
249	350
249	374
249	524
249	613
249	620
249	627
249	628
250	384
250	487
250	494
250	534
250	549
251	309
251	362
251	455
251	464
251	472
251	488
251	509
251	527
251	596
251	600
251	640
252	294
252	308
252	538
253	338
253	351
253	442
253	563
253	611
253	632
253	671
254	277
254	376
254	423
255	378
255	402
255	410
255	414
255	435
255	451
255	678
256	349
256	356
256	428
256	439
256	485
256	567
256	577
257	376
257	381
257	490
257	561
257	621
258	360
258	366
258	390
258	446
258	451
258	670
258	885
259	352
259	388
259	392
259	393
259	400
259	431
259	453
259	477
259	531
259	556
259	609
260	454
260	485
260	517
260	554
261	271
261	305
261	336
261	350
261	372
261	455
261	502
261	519
261	573
262	407
262	539
262	644
263	344
263	438
263	493
263	541
264	391
264	559
264	629
264	647
264	673
265	474
266	276
266	410
266	431
266	505
266	522
266	539
266	573
266	606
266	648
266	654
267	302
267	325
267	354
267	413
267	477
267	524
267	648
268	280
268	301
268	302
268	342
268	402
268	409
268	412
268	520
268	528
268	614
268	621
268	658
268	678
268	685
268	697
269	367
269	409
269	434
269	565
270	412
270	435
270	442
270	503
271	340
271	388
271	555
271	656
272	283
272	401
272	525
272	575
273	281
273	470
273	552
273	584
273	605
273	662
273	664
274	283
274	313
274	367
274	517
274	518
274	626
274	687
275	432
275	445
275	602
275	621
275	689
276	473
276	480
276	483
276	487
276	562
276	599
277	316
277	346
277	437
277	568
277	617
277	694
278	288
278	378
278	394
278	400
278	515
278	690
279	332
279	349
279	558
279	593
279	874
280	291
280	316
280	540
280	568
280	608
280	616
281	298
281	332
281	376
281	390
281	548
281	562
281	580
281	599
281	614
281	629
281	681
282	314
282	360
282	467
282	623
283	285
283	368
283	521
283	611
283	692
284	300
284	306
284	603
284	604
284	616
284	655
284	660
284	686
285	288
285	303
285	306
285	444
285	454
285	521
285	687
286	295
286	323
286	403
286	414
286	544
286	550
286	633
287	293
287	405
287	558
287	577
287	642
287	908
288	317
288	383
288	397
288	524
288	588
288	668
289	332
289	350
289	404
289	563
289	566
289	579
289	609
290	291
290	316
290	407
290	648
290	697
290	932
291	358
291	516
291	546
291	552
291	627
291	640
292	521
292	523
292	659
293	471
293	479
293	575
294	302
294	321
294	330
294	331
294	358
294	461
294	520
294	529
294	575
294	578
294	640
294	648
294	656
294	710
295	344
295	427
295	436
295	589
295	596
295	621
296	411
296	433
296	616
297	394
297	479
297	594
298	342
298	463
298	566
298	651
299	392
299	668
299	679
300	315
300	343
300	365
300	418
300	434
300	458
300	466
300	643
300	648
300	654
300	664
300	688
300	697
301	350
301	397
301	485
301	486
301	508
301	550
301	572
302	330
302	401
303	413
303	414
303	504
303	542
303	617
303	632
303	634
303	656
304	335
304	603
304	618
304	652
304	666
304	694
305	340
305	458
305	518
305	553
305	631
305	665
306	476
306	477
306	630
306	669
307	418
307	533
307	577
308	346
308	381
308	385
308	426
308	580
308	596
308	598
308	654
308	664
309	441
309	451
309	524
309	624
309	687
310	350
310	365
310	410
310	438
310	532
310	580
310	603
310	635
310	651
311	335
311	402
311	450
311	465
311	580
311	652
311	665
312	441
312	449
312	544
312	663
313	318
313	380
313	579
313	630
313	690
314	426
314	495
314	498
314	504
314	588
314	589
314	671
314	685
315	320
315	333
315	408
315	529
315	577
315	677
315	686
316	413
316	484
316	578
316	597
316	621
316	637
317	450
317	501
317	529
317	538
317	553
317	601
317	622
317	653
318	356
318	433
318	519
318	549
319	353
319	394
319	432
319	445
319	553
319	579
319	594
319	661
319	678
320	324
320	383
320	392
320	445
320	476
320	557
320	646
320	681
320	683
321	347
321	357
321	460
321	564
321	589
321	649
322	333
322	377
322	428
322	536
322	577
322	584
322	617
323	360
323	399
323	401
323	423
323	633
324	433
324	436
324	493
324	549
324	595
324	619
324	692
325	333
325	388
325	477
325	485
325	504
325	527
325	559
325	582
326	488
326	643
327	328
327	405
327	430
327	497
327	544
327	636
327	686
328	381
328	392
328	399
328	569
328	595
328	644
328	685
329	346
329	377
329	394
329	468
329	568
329	571
329	595
329	662
329	689
330	615
330	628
331	373
331	380
331	409
331	494
331	518
331	532
331	550
331	665
331	689
332	333
332	369
332	411
332	419
332	473
332	536
333	380
333	529
333	665
333	683
333	698
333	699
334	408
334	623
334	679
335	349
335	369
336	349
336	407
336	423
336	467
336	493
336	495
336	520
336	572
336	671
336	689
337	400
337	411
337	546
337	549
337	562
337	596
337	652
338	504
338	521
338	577
338	616
338	663
339	424
339	463
339	493
339	515
339	589
339	675
340	381
340	389
340	425
340	426
340	433
340	449
340	513
340	588
340	630
340	697
341	568
341	581
342	413
342	588
342	604
342	653
342	662
343	345
343	361
343	410
343	484
343	512
343	578
343	632
343	685
344	464
344	726
345	367
345	382
345	428
345	457
345	506
345	535
345	630
346	418
346	472
346	512
346	662
346	672
346	688
347	362
347	514
347	555
347	653
348	437
348	446
348	466
348	595
348	610
348	692
349	373
349	456
349	483
349	587
349	601
349	618
349	625
349	645
349	653
350	363
350	383
350	392
350	483
350	561
350	583
350	626
350	681
351	376
351	497
351	506
351	545
351	621
352	547
352	607
352	656
352	663
353	369
353	377
353	410
353	551
354	469
354	505
354	515
354	550
354	629
354	646
355	378
355	418
355	535
356	415
356	424
356	462
356	633
356	684
356	825
357	416
357	429
357	463
357	507
357	517
357	528
358	450
358	607
358	614
358	655
359	520
359	616
359	668
359	675
359	691
360	583
360	628
360	651
360	698
361	454
361	549
361	613
361	812
362	462
362	577
362	595
362	596
362	637
362	693
362	758
363	366
363	376
363	399
363	422
363	486
363	496
363	553
363	728
364	393
364	433
364	501
364	581
365	418
365	436
365	449
365	533
365	631
365	659
365	688
366	374
366	404
366	412
366	453
366	487
366	561
366	675
367	385
367	536
367	641
367	656
367	671
367	696
368	564
368	605
368	633
369	443
369	467
369	513
369	562
369	630
369	643
370	408
370	513
370	517
370	544
370	577
370	614
370	646
371	436
371	491
371	529
371	683
372	435
372	641
372	678
373	411
373	618
373	652
375	392
375	689
376	608
376	643
377	403
377	524
377	651
378	489
378	553
378	616
378	917
379	466
379	467
379	583
379	620
379	624
379	628
379	636
379	687
380	431
380	434
380	564
380	621
380	674
381	387
381	415
381	429
381	447
381	458
381	489
381	519
381	533
381	587
382	403
382	411
382	437
382	581
382	585
382	666
382	940
383	437
383	492
383	605
384	402
384	436
384	467
384	553
385	513
385	519
385	576
386	397
386	446
386	449
386	476
386	607
386	623
386	629
386	675
386	685
387	396
387	400
387	420
387	512
387	592
388	421
388	522
388	577
389	485
389	539
389	583
390	576
390	589
390	658
391	509
391	532
391	534
391	652
392	495
392	542
392	614
392	656
393	576
393	662
393	696
394	401
394	443
394	496
394	618
394	660
394	678
394	745
395	510
395	676
396	432
396	560
396	592
396	629
396	693
397	408
397	511
397	555
397	684
398	623
399	446
399	476
399	528
399	667
400	418
400	515
400	573
401	437
401	481
401	514
401	569
401	606
401	686
402	503
402	556
402	604
402	621
402	654
402	674
402	692
403	432
403	536
403	555
403	570
404	418
404	484
405	428
405	538
405	625
406	417
406	507
406	609
406	695
407	435
407	453
407	503
407	579
407	623
408	500
408	515
408	525
408	586
409	417
409	421
410	448
410	476
410	487
410	579
410	588
412	495
412	519
412	623
412	639
412	657
412	660
412	677
413	445
413	463
414	536
414	569
414	609
414	649
415	467
415	472
415	500
415	680
415	952
416	478
416	494
416	497
416	529
416	641
417	435
417	470
417	478
417	498
417	506
417	561
417	604
417	630
417	663
417	676
417	964
418	598
418	673
419	433
419	541
419	570
419	592
419	610
419	661
419	714
420	465
420	621
420	636
420	669
421	461
422	429
422	527
422	638
423	435
423	473
423	488
423	530
423	546
423	551
423	587
423	691
424	430
424	529
424	647
424	676
425	606
425	627
426	537
426	606
426	665
427	434
427	542
427	564
427	576
427	682
427	684
427	692
428	502
428	530
428	561
428	651
428	682
429	478
429	615
429	626
429	678
429	679
430	454
430	547
430	639
431	443
431	458
431	503
431	689
432	569
432	581
432	583
433	535
433	558
433	594
433	601
433	687
434	476
434	496
435	471
435	622
436	504
436	647
436	657
437	450
437	465
437	557
437	575
437	672
438	460
438	466
438	478
438	487
438	496
438	513
438	560
438	564
438	666
438	919
439	515
439	663
439	689
440	451
440	466
440	490
440	493
440	533
440	657
440	667
441	494
441	527
441	599
441	643
441	673
442	480
442	529
443	462
443	465
443	508
443	611
444	545
444	624
445	481
445	488
445	491
446	505
446	532
446	665
447	453
447	465
447	481
448	489
448	512
448	532
448	595
448	623
448	639
449	625
449	683
449	698
450	523
450	537
450	633
451	548
451	629
451	653
451	663
452	480
452	554
452	628
453	619
453	686
454	470
454	507
454	513
454	663
455	506
455	585
455	685
456	494
456	506
456	535
456	617
457	490
457	522
457	576
458	511
458	618
459	664
460	468
460	488
460	499
460	573
460	638
461	480
461	508
461	637
462	480
462	487
462	498
462	539
462	696
463	558
464	534
464	692
465	583
466	502
466	579
466	656
467	517
467	542
468	469
468	531
468	611
468	673
468	691
470	484
470	494
470	551
470	557
471	588
472	543
472	558
472	570
473	495
473	503
473	545
473	566
473	749
474	691
474	931
475	533
475	546
476	488
476	591
476	623
477	499
478	487
478	517
478	585
479	497
479	606
479	627
479	654
479	887
480	534
480	573
480	605
481	508
481	554
482	535
482	624
482	637
483	519
483	547
483	686
484	496
484	508
484	524
484	529
484	652
485	690
486	494
486	551
486	563
486	584
486	590
486	594
486	628
486	655
486	916
487	506
488	508
488	676
489	679
490	567
490	740
491	527
491	656
491	695
492	583
493	518
493	581
493	637
493	657
494	679
495	601
495	674
496	535
496	609
496	696
497	579
497	628
497	631
497	685
498	531
498	535
498	636
498	693
499	625
501	546
501	630
502	527
502	531
502	574
503	508
503	623
504	527
504	659
504	685
505	547
505	554
505	658
505	678
506	516
506	545
506	574
506	614
506	637
507	555
507	577
507	678
507	699
508	581
508	653
508	664
508	688
510	592
511	523
511	611
511	643
512	534
514	546
514	559
514	615
515	528
515	549
515	652
515	682
515	685
515	687
516	554
516	640
517	581
517	610
518	524
518	546
518	571
518	600
518	660
518	687
518	696
519	679
520	539
522	633
522	685
522	695
523	679
524	641
525	663
525	675
525	679
525	687
526	535
527	536
527	644
528	553
528	575
529	538
530	616
530	665
530	686
531	546
531	584
532	596
532	607
532	891
533	608
533	680
534	572
534	607
534	690
534	692
535	591
535	638
536	677
537	566
537	572
537	604
538	582
538	588
538	589
538	631
538	632
538	982
539	564
539	678
541	549
541	593
541	698
542	614
542	619
542	656
542	659
543	652
544	635
544	670
545	586
545	609
545	620
545	637
545	666
546	549
546	666
546	673
547	664
548	659
548	687
549	558
549	572
549	661
550	628
551	569
551	595
551	610
551	648
551	789
552	598
553	643
553	679
554	582
554	589
554	664
555	563
555	575
555	689
556	627
557	564
557	569
557	589
557	597
557	605
558	614
558	676
558	985
559	563
559	669
559	677
560	582
561	597
562	633
562	639
562	705
562	941
563	570
563	618
564	577
564	650
565	608
565	641
567	633
568	572
568	677
568	685
569	646
569	651
569	682
570	574
570	615
570	616
570	675
571	609
571	697
572	695
573	694
573	699
574	627
574	653
575	581
575	596
575	630
576	597
576	609
576	611
576	650
578	640
578	691
578	804
579	601
579	642
580	621
580	639
580	699
581	628
581	648
581	675
581	682
581	689
583	603
583	623
584	597
584	667
585	606
585	620
585	624
585	660
588	618
588	631
588	634
588	756
589	683
589	799
590	601
590	624
590	673
592	606
593	602
594	640
594	989
595	696
596	632
596	674
597	604
599	644
599	656
600	629
600	650
600	652
600	662
601	658
602	709
603	630
603	643
603	668
604	612
604	636
608	624
608	935
609	619
609	696
611	621
611	663
612	622
613	619
613	635
613	638
615	633
615	684
616	657
616	676
617	628
617	647
618	659
619	634
619	651
620	633
620	682
622	628
623	889
624	644
625	680
626	671
626	690
628	635
628	645
629	666
630	660
630	694
631	681
632	674
634	661
635	662
639	643
639	658
640	685
641	960
642	690
643	665
643	687
645	664
646	654
646	674
647	677
647	688
650	740
652	676
654	687
656	808
662	682
662	689
665	680
665	682
665	691
666	682
666	699
668	694
668	695
671	689
674	688
674	862
675	795
677	687
677	692
678	679
679	698
679	813
683	698
683	845
684	693
685	690
696	697
700	806
700	837
700	858
700	956
700	980
701	705
701	706
701	714
701	733
701	756
701	764
701	825
701	847
701	865
701	900
701	935
701	938
701	952
701	973
701	997
702	709
702	726
702	728
702	744
702	765
702	792
702	828
702	893
702	938
702	994
702	995
702	996
703	726
703	851
703	886
703	888
703	890
703	915
704	721
704	753
704	865
704	867
704	882
704	955
705	712
705	778
705	808
705	861
705	906
706	738
706	760
706	771
706	827
706	851
706	859
706	899
706	923
706	952
706	992
707	710
707	740
707	764
707	816
707	865
707	926
707	930
707	963
707	966
707	978
707	983
707	996
708	764
708	765
708	779
708	820
708	941
708	942
708	974
708	991
709	736
709	752
709	761
709	810
709	811
709	815
709	816
709	837
709	882
709	899
709	911
710	774
710	775
710	817
710	842
710	853
710	919
710	947
710	950
710	954
710	959
710	987
710	989
710	996
710	998
710	999
711	716
711	726
711	791
711	884
711	925
711	967
711	977
711	980
711	999
712	725
712	753
712	792
712	813
712	825
712	829
712	832
712	838
712	846
712	891
712	931
712	947
712	954
713	757
713	759
713	765
713	769
713	800
713	812
713	883
713	891
713	918
713	928
714	717
714	730
714	760
714	780
714	783
714	814
714	816
714	830
714	831
714	839
714	853
714	941
714	972
714	986
715	782
715	785
715	830
715	883
715	923
715	963
715	965
716	732
716	743
716	757
716	776
716	798
716	805
716	848
716	876
716	895
716	897
716	898
716	902
716	975
716	995
717	798
717	804
717	848
717	895
717	929
718	727
718	745
718	758
718	768
718	839
718	843
718	879
718	989
718	996
719	742
719	801
719	807
719	837
719	869
719	881
719	892
719	906
719	988
719	996
720	749
720	763
720	826
720	908
720	925
720	950
720	953
720	970
720	976
721	769
721	784
721	794
721	796
721	825
721	831
721	908
721	919
721	992
722	745
722	753
722	772
722	781
722	791
722	804
722	929
722	943
722	951
722	971
723	815
723	842
723	952
723	990
724	734
724	749
724	761
724	794
724	801
724	837
724	838
724	851
724	854
724	884
724	956
724	970
725	740
725	857
725	860
725	890
725	911
725	917
725	924
725	972
726	785
726	811
726	816
726	829
726	920
726	966
727	741
727	748
727	763
727	791
727	796
727	891
727	916
727	958
727	963
727	972
727	990
728	734
728	744
728	758
728	774
728	776
728	792
728	808
728	815
728	834
728	915
728	959
728	968
729	759
729	831
729	874
729	909
729	956
729	970
729	976
730	744
730	750
730	808
730	830
730	836
730	874
730	922
730	935
730	998
730	999
731	748
731	760
731	763
731	856
731	913
731	919
732	746
732	749
732	808
732	819
732	828
733	735
733	790
733	813
733	857
733	882
733	911
733	938
733	962
733	983
733	994
734	737
734	779
734	782
734	797
734	803
734	827
734	880
734	932
735	754
735	783
735	788
735	875
735	876
735	893
735	903
735	968
735	995
736	752
736	765
736	779
736	788
736	839
736	910
736	922
736	970
737	744
737	745
737	750
737	807
737	808
737	837
737	910
737	914
737	959
737	994
737	997
738	754
738	802
738	810
738	818
738	827
738	857
739	741
739	753
739	758
739	773
739	795
739	827
739	853
739	855
739	861
739	894
739	933
739	943
739	947
739	977
739	987
740	779
740	787
740	807
740	843
740	858
740	921
740	929
740	954
740	977
740	989
740	996
741	773
741	783
741	830
741	834
741	862
741	868
741	877
741	896
741	937
741	941
742	778
742	870
742	881
742	895
742	924
742	934
743	763
743	960
744	747
744	749
744	769
744	772
744	824
744	825
744	850
744	886
744	893
744	914
744	924
744	931
744	950
744	974
744	992
745	753
745	798
745	833
745	884
745	948
745	978
746	749
746	757
746	772
746	774
746	780
746	864
746	867
746	888
746	915
746	957
746	984
746	985
747	753
747	756
747	787
747	806
747	810
747	811
747	883
747	903
747	921
747	934
747	949
747	968
747	969
747	979
747	991
748	765
748	803
748	816
748	822
748	835
748	839
748	867
748	868
748	872
748	885
748	886
748	905
748	911
748	966
748	977
748	983
749	796
749	837
749	896
749	930
749	988
750	751
750	766
750	788
750	845
750	846
750	869
750	900
750	921
750	973
750	994
751	753
751	763
751	825
751	929
751	988
752	766
752	775
752	811
752	840
752	842
752	847
752	848
752	867
752	880
752	888
752	945
752	956
752	999
753	808
753	815
753	818
753	849
753	860
753	865
753	878
753	882
753	904
753	947
753	961
753	974
754	763
754	765
754	829
754	868
754	888
754	904
754	906
754	920
755	791
755	813
755	816
755	872
755	884
755	894
755	918
755	928
755	934
755	942
755	966
755	975
755	976
755	985
756	765
756	768
756	776
756	841
756	845
756	853
756	857
756	909
756	917
756	921
756	958
756	990
757	854
757	873
757	875
757	891
757	902
757	908
757	944
757	947
757	973
757	985
758	764
758	789
758	853
758	870
758	908
758	975
759	762
759	810
759	826
759	876
760	819
760	827
760	845
760	852
760	935
760	972
760	974
760	977
761	767
761	777
761	811
761	820
761	859
761	875
761	886
761	919
761	927
761	934
761	983
761	986
762	763
762	816
762	832
762	892
762	896
762	903
762	932
762	939
762	940
762	947
762	988
763	888
763	933
763	966
764	781
764	811
764	860
764	874
764	885
764	890
764	905
764	906
764	930
764	933
765	780
765	794
765	833
765	847
765	848
765	872
765	884
765	923
765	976
765	994
766	791
766	819
766	882
766	890
766	897
766	918
766	965
766	980
767	773
767	802
767	812
767	860
767	883
767	899
767	922
767	934
767	949
767	986
768	841
768	864
768	868
768	884
768	910
768	922
768	992
769	906
769	911
769	960
769	972
770	816
770	845
770	854
770	864
770	892
770	935
770	953
770	955
771	844
771	880
771	901
772	815
772	818
772	823
772	827
772	841
772	877
772	889
772	895
772	906
772	907
773	815
773	829
773	858
773	867
773	885
773	886
773	903
773	907
773	931
773	957
773	994
774	788
774	848
774	941
775	820
775	875
775	889
775	894
775	895
775	914
775	952
776	843
776	845
776	876
776	965
776	996
776	997
777	808
777	855
777	866
777	918
777	928
777	936
777	947
777	964
778	800
778	808
778	820
778	826
778	841
778	843
778	847
778	892
778	899
778	901
778	924
778	962
778	969
778	988
778	996
779	791
779	795
779	799
779	832
779	835
779	847
779	880
779	902
779	903
779	910
779	925
779	930
779	942
779	950
780	806
780	880
780	896
780	903
780	944
780	979
780	999
781	783
781	896
781	901
781	927
781	935
781	942
781	976
781	988
781	997
782	789
782	838
782	882
782	898
782	900
782	966
783	804
783	809
783	871
783	920
783	995
784	791
784	800
784	801
784	810
784	830
784	833
784	836
784	858
784	882
784	889
784	911
784	971
785	787
785	798
785	803
785	817
785	845
785	876
785	918
785	932
785	961
785	994
786	792
786	793
786	796
786	802
786	821
786	935
786	948
786	950
787	794
787	898
787	909
787	947
787	958
787	971
788	798
788	838
788	840
788	847
788	863
788	927
788	965
788	982
789	794
789	808
789	860
789	877
789	880
789	893
789	898
789	912
789	914
789	932
789	934
789	976
789	985
790	799
790	915
790	925
790	943
790	959
790	978
791	876
791	908
791	920
791	985
791	987
792	826
792	860
792	862
792	925
792	957
792	978
792	979
793	809
793	823
793	906
793	926
793	987
794	803
794	825
794	848
794	944
794	957
795	815
795	829
795	852
795	886
795	890
795	930
795	948
795	963
795	969
796	840
796	940
796	950
796	965
797	852
797	854
797	909
797	925
797	938
797	964
798	919
798	973
799	822
799	851
799	862
799	945
799	974
800	801
800	816
800	842
800	869
800	884
800	900
800	920
800	927
800	955
800	967
800	973
800	978
800	991
800	995
801	846
801	874
801	961
802	852
802	869
802	893
803	824
803	831
803	866
803	869
803	875
803	890
803	938
803	949
803	972
803	975
803	992
803	994
804	845
804	855
804	895
804	952
804	988
805	861
805	878
805	885
805	898
805	938
805	965
806	820
806	854
806	996
807	820
807	932
807	973
808	814
808	880
808	892
808	923
808	927
808	937
808	952
808	968
808	975
809	816
809	819
809	821
809	825
809	829
809	891
809	905
809	937
809	939
809	959
809	961
809	978
810	827
810	830
810	925
810	928
810	946
810	959
810	972
810	984
811	880
811	922
812	821
812	867
812	875
812	912
812	956
812	968
812	990
812	997
813	850
813	890
813	891
813	896
813	900
813	957
813	971
813	998
814	826
814	872
814	886
814	970
814	992
815	834
815	851
815	929
816	828
816	844
816	887
816	921
816	934
816	954
816	956
816	982
816	990
817	828
817	845
817	848
817	912
817	920
817	924
817	977
818	824
818	827
818	833
818	857
818	872
818	877
818	892
818	960
818	983
819	853
819	857
819	890
819	915
819	961
819	994
820	834
820	886
820	892
820	928
820	935
821	833
821	838
821	839
821	869
821	903
821	927
822	868
822	885
822	934
822	957
822	962
822	968
822	969
822	987
823	831
823	842
823	845
823	847
823	874
823	882
823	898
823	918
823	926
823	932
823	938
823	939
823	984
824	835
824	843
824	895
824	914
824	924
824	979
825	832
825	853
825	865
825	900
826	853
826	894
826	902
826	966
826	971
826	985
826	989
826	995
827	858
827	889
827	898
827	979
827	988
828	887
828	899
828	903
828	916
828	932
828	940
828	995
829	838
829	860
829	973
829	984
830	836
830	871
830	896
830	897
830	900
830	918
830	971
831	850
831	895
831	915
831	929
831	982
831	990
831	992
831	999
832	855
832	877
832	889
832	896
832	899
832	930
832	973
832	974
833	834
833	848
833	892
833	949
833	982
834	919
834	992
835	841
835	863
835	888
835	927
835	947
835	958
837	868
837	905
837	922
837	972
838	847
838	893
838	901
838	970
839	855
839	868
839	935
839	985
839	986
839	999
840	865
840	871
840	929
840	930
840	986
840	987
841	870
841	941
841	947
841	989
842	845
842	917
842	937
842	950
842	964
843	857
843	875
843	889
843	904
843	917
843	945
843	947
843	963
843	968
844	895
844	914
845	862
845	882
845	900
845	913
845	939
846	851
846	891
846	911
846	916
846	984
846	987
846	990
847	933
847	938
847	939
848	892
848	896
848	908
848	921
848	992
849	859
849	860
849	871
849	899
849	934
849	953
850	873
850	920
850	923
850	963
850	978
851	884
851	968
852	925
852	927
852	953
852	985
853	925
854	887
854	915
854	947
854	952
854	972
855	857
855	889
855	954
855	963
855	969
855	972
856	890
856	903
856	976
856	997
857	865
857	914
857	932
857	944
857	952
857	966
857	979
857	980
857	981
858	916
858	926
858	929
858	979
858	995
859	868
859	875
859	958
859	987
859	992
860	883
860	893
860	919
860	972
860	979
860	980
860	990
861	862
861	893
861	901
861	949
861	955
861	980
862	897
862	969
862	977
862	992
863	915
863	939
864	940
864	990
865	897
865	906
865	952
866	897
866	929
866	969
866	977
866	978
866	998
867	907
867	948
867	988
867	996
868	880
868	899
868	902
868	948
868	986
869	878
869	888
869	928
869	940
869	948
869	951
869	954
869	989
870	946
871	872
871	915
871	942
871	949
872	875
872	878
872	944
872	972
872	995
872	996
873	884
873	965
874	875
874	935
874	987
875	913
875	914
875	930
875	952
875	993
876	944
876	951
876	972
876	995
877	906
877	956
878	904
878	924
878	987
879	888
879	904
879	932
879	944
879	983
879	999
880	902
880	904
880	940
880	981
880	991
881	885
881	910
881	927
881	929
881	955
881	998
882	893
882	944
882	948
883	884
883	911
883	916
883	985
884	898
884	908
884	923
884	952
884	960
884	996
885	892
885	964
885	993
886	888
886	903
886	911
886	934
886	958
886	981
886	987
887	896
887	915
887	940
887	953
887	958
887	996
887	998
888	916
889	942
889	959
889	996
890	894
890	999
891	907
891	919
891	928
891	941
891	942
891	956
892	900
892	943
892	968
892	981
893	905
893	917
893	943
893	976
894	897
894	908
894	997
895	907
895	913
895	916
895	992
896	908
896	922
896	943
896	953
896	959
897	924
897	954
897	965
898	953
898	965
899	912
899	949
899	992
900	938
900	943
900	989
900	991
901	914
901	930
901	939
901	989
901	990
901	997
902	906
902	942
902	945
902	968
902	981
902	991
903	907
903	915
903	976
903	986
904	919
904	929
904	955
905	907
905	913
905	958
905	972
906	929
906	944
906	956
906	987
907	925
907	969
907	982
908	957
908	987
909	962
909	979
909	985
909	990
910	981
910	989
910	992
911	925
911	954
911	963
911	970
911	979
912	947
912	976
912	981
912	983
913	918
913	929
913	937
913	942
913	945
913	982
914	940
915	932
915	941
917	926
917	944
917	962
917	998
918	934
918	935
918	953
918	964
919	972
919	982
919	991
920	929
920	936
920	964
920	984
921	943
921	948
921	963
921	979
921	994
922	967
922	976
922	995
922	997
923	949
923	973
924	925
924	926
924	943
925	932
925	942
925	968
926	971
926	973
926	993
927	950
927	975
928	930
928	936
928	938
928	953
928	954
928	984
928	991
929	956
930	932
930	939
930	946
930	974
931	934
931	949
931	957
931	992
932	959
932	968
933	938
933	944
933	963
933	978
934	937
934	976
934	979
934	981
934	988
934	993
935	953
935	978
938	948
938	962
938	964
938	975
938	980
938	998
939	953
939	971
939	974
939	997
940	970
940	997
941	945
941	995
942	959
942	962
942	989
943	963
943	988
944	956
945	974
945	980
946	949
946	976
947	990
948	982
949	951
949	954
950	951
950	976
951	958
951	964
951	971
952	988
952	989
952	992
953	970
953	994
954	998
955	965
955	972
955	976
955	983
957	971
957	987
958	959
958	960
958	975
958	995
959	981
960	981
960	996
962	971
963	989
964	968
964	976
965	992
966	973
967	979
968	994
972	976
973	993
974	984
980	984
980	987
980	998
981	983
982	994
983	993
984	992
989	991
991	995
